-0.000021
-0.000020
-0.000018
-0.000015
-0.000012
-0.000007
-0.000002
0.000003
0.000009
0.000016
0.000023
0.000030
0.000037
0.000044
0.000051
0.000057
0.000062
0.000066
0.000069
0.000071
0.000071
0.000069
0.000066
0.000061
0.000053
0.000045
0.000034
0.000021
0.000007
-0.000008
-0.000024
-0.000041
-0.000058
-0.000075
-0.000092
-0.000108
-0.000123
-0.000136
-0.000147
-0.000155
-0.000160
-0.000163
-0.000161
-0.000156
-0.000147
-0.000135
-0.000118
-0.000098
-0.000074
-0.000047
-0.000017
0.000015
0.000048
0.000083
0.000117
0.000152
0.000185
0.000216
0.000244
0.000268
0.000288
0.000302
0.000311
0.000314
0.000310
0.000299
0.000281
0.000255
0.000223
0.000184
0.000140
0.000089
0.000035
-0.000024
-0.000085
-0.000147
-0.000209
-0.000270
-0.000328
-0.000382
-0.000430
-0.000472
-0.000505
-0.000530
-0.000544
-0.000547
-0.000538
-0.000518
-0.000485
-0.000441
-0.000385
-0.000318
-0.000241
-0.000156
-0.000063
0.000035
0.000137
0.000240
0.000344
0.000444
0.000540
0.000628
0.000706
0.000774
0.000827
0.000866
0.000887
0.000891
0.000876
0.000842
0.000788
0.000715
0.000625
0.000517
0.000393
0.000257
0.000109
-0.000048
-0.000209
-0.000373
-0.000536
-0.000694
-0.000844
-0.000982
-0.001105
-0.001209
-0.001293
-0.001352
-0.001385
-0.001390
-0.001366
-0.001312
-0.001229
-0.001116
-0.000975
-0.000808
-0.000618
-0.000407
-0.000179
0.000061
0.000309
0.000561
0.000810
0.001053
0.001282
0.001493
0.001681
0.001841
0.001968
0.002059
0.002110
0.002119
0.002084
0.002003
0.001877
0.001707
0.001495
0.001243
0.000954
0.000635
0.000290
-0.000074
-0.000451
-0.000833
-0.001213
-0.001582
-0.001933
-0.002256
-0.002545
-0.002792
-0.002990
-0.003134
-0.003217
-0.003236
-0.003188
-0.003071
-0.002885
-0.002631
-0.002311
-0.001929
-0.001491
-0.001004
-0.000475
0.000086
0.000669
0.001263
0.001856
0.002436
0.002990
0.003506
0.003971
0.004373
0.004702
0.004947
0.005099
0.005152
0.005098
0.004935
0.004660
0.004273
0.003778
0.003178
0.002480
0.001694
0.000831
-0.000095
-0.001070
-0.002076
-0.003095
-0.004106
-0.005090
-0.006025
-0.006889
-0.007662
-0.008321
-0.008846
-0.009219
-0.009422
-0.009439
-0.009256
-0.008863
-0.008251
-0.007415
-0.006352
-0.005063
-0.003552
-0.001827
0.000101
0.002218
0.004507
0.006949
0.009519
0.012193
0.014943
0.017742
0.020557
0.023359
0.026114
0.028793
0.031362
0.033793
0.036055
0.038121
0.039967
0.041569
0.042908
0.043967
0.044733
0.045196
0.045351
0.045196
0.044733
0.043967
0.042908
0.041569
0.039967
0.038121
0.036055
0.033793
0.031362
0.028793
0.026114
0.023359
0.020557
0.017742
0.014943
0.012193
0.009519
0.006949
0.004507
0.002218
0.000101
-0.001827
-0.003552
-0.005063
-0.006352
-0.007415
-0.008251
-0.008863
-0.009256
-0.009439
-0.009422
-0.009219
-0.008846
-0.008321
-0.007662
-0.006889
-0.006025
-0.005090
-0.004106
-0.003095
-0.002076
-0.001070
-0.000095
0.000831
0.001694
0.002480
0.003178
0.003778
0.004273
0.004660
0.004935
0.005098
0.005152
0.005099
0.004947
0.004702
0.004373
0.003971
0.003506
0.002990
0.002436
0.001856
0.001263
0.000669
0.000086
-0.000475
-0.001004
-0.001491
-0.001929
-0.002311
-0.002631
-0.002885
-0.003071
-0.003188
-0.003236
-0.003217
-0.003134
-0.002990
-0.002792
-0.002545
-0.002256
-0.001933
-0.001582
-0.001213
-0.000833
-0.000451
-0.000074
0.000290
0.000635
0.000954
0.001243
0.001495
0.001707
0.001877
0.002003
0.002084
0.002119
0.002110
0.002059
0.001968
0.001841
0.001681
0.001493
0.001282
0.001053
0.000810
0.000561
0.000309
0.000061
-0.000179
-0.000407
-0.000618
-0.000808
-0.000975
-0.001116
-0.001229
-0.001312
-0.001366
-0.001390
-0.001385
-0.001352
-0.001293
-0.001209
-0.001105
-0.000982
-0.000844
-0.000694
-0.000536
-0.000373
-0.000209
-0.000048
0.000109
0.000257
0.000393
0.000517
0.000625
0.000715
0.000788
0.000842
0.000876
0.000891
0.000887
0.000866
0.000827
0.000774
0.000706
0.000628
0.000540
0.000444
0.000344
0.000240
0.000137
0.000035
-0.000063
-0.000156
-0.000241
-0.000318
-0.000385
-0.000441
-0.000485
-0.000518
-0.000538
-0.000547
-0.000544
-0.000530
-0.000505
-0.000472
-0.000430
-0.000382
-0.000328
-0.000270
-0.000209
-0.000147
-0.000085
-0.000024
0.000035
0.000089
0.000140
0.000184
0.000223
0.000255
0.000281
0.000299
0.000310
0.000314
0.000311
0.000302
0.000288
0.000268
0.000244
0.000216
0.000185
0.000152
0.000117
0.000083
0.000048
0.000015
-0.000017
-0.000047
-0.000074
-0.000098
-0.000118
-0.000135
-0.000147
-0.000156
-0.000161
-0.000163
-0.000160
-0.000155
-0.000147
-0.000136
-0.000123
-0.000108
-0.000092
-0.000075
-0.000058
-0.000041
-0.000024
-0.000008
0.000007
0.000021
0.000034
0.000045
0.000053
0.000061
0.000066
0.000069
0.000071
0.000071
0.000069
0.000066
0.000062
0.000057
0.000051
0.000044
0.000037
0.000030
0.000023
0.000016
0.000009
0.000003
-0.000002
-0.000007
-0.000012
-0.000015
-0.000018
-0.000020
-0.00002
0.000071
0.000071
0.000069
0.000066
0.000062
0.000057
0.000051
0.000044
0.000037
0.000030
0.000023
0.000016
0.000009
0.0
0.0
0.0
0.0
0.0
0.0
0.0
0.0
0.0
0.0
0.0
0.0
0.0
0.0
0.0
0.0
0.0
0.0
0.0
0.0
0.0
0.0
0.0
0.0
0.0
0.0
0.0
0.0
0.0
0.0
0.0
0.0
0.0
0.0
0.0
0.0
0.0
0.0
0.0
0.0
0.0
0.0
0.0
0.0
0.0
0.0
0.0
0.0
0.0
0.0
0.0
0.0
0.0
0.0
0.0
0.0
0.0
0.0
0.0
0.0
0.0
0.0
0.0
0.0
0.0
0.0
0.0
0.0
0.0
0.0
0.0
0.0
0.0
0.0
0.0
0.0
0.0
0.0
0.0
0.0
0.0
0.0
0.0
0.0
0.0
0.0
0.0
0.0
0.0
0.0
0.0
0.0
0.0
0.0
0.0
0.0
0.0
0.0
0.0
0.0
0.0
0.0
0.0
0.0
0.0
0.0
0.0
0.0
0.0
0.0
0.0
0.0
0.0
0.0
0.0
0.0
0.0
0.0
0.0
0.0
0.0
0.0
0.0
0.0
0.0
0.0
0.0
0.0
0.0
0.0
0.0
0.0
0.0
0.0
0.0
0.0
0.0
0.0
0.0
0.0
0.0
0.0
0.0
0.0
0.0
0.0
0.0
0.0
0.0
0.0
0.0
0.0
0.0
0.0
0.0
0.0
0.0
0.0
0.0
0.0
0.0
0.0
0.0
0.0
0.0
0.0
0.0
0.0
0.0
0.0
0.0
0.0
0.0
0.0
0.0
0.0
0.0
0.0
0.0
0.0
0.0
0.0
0.0
0.0
0.0
0.0
0.0
0.0
0.0
0.0
0.0
0.0
0.0
0.0
0.0
0.0
0.0
0.0
0.0
0.0
0.0
0.0
0.0
0.0
0.0
0.0
0.0
0.0
0.0
0.0
0.0
0.0
0.0
0.0
0.0
0.0
0.0
0.0
0.0
0.0
0.0
0.0
0.0
0.0
0.0
0.0
0.0
0.0
0.0
0.0
0.0
0.0
0.0
0.0
0.0
0.0
0.0
0.0
0.0
0.0
0.0
0.0
0.0
0.0
0.0
0.0
0.0
0.0
0.0
0.0
0.0
0.0
0.0
0.0
0.0
0.0
0.0
0.0
0.0
0.0
0.0
0.0
0.0
0.0
0.0
0.0
0.0
0.0
0.0
0.0
0.0
0.0
0.0
0.0
0.0
0.0
0.0
0.0
0.0
0.0
0.0
0.0
0.0
0.0
0.0
0.0
0.0
0.0
0.0
0.0
0.0
0.0
0.0
0.0
0.0
0.0
0.0
0.0
0.0
0.0
0.0
0.0
0.0
0.0
0.0
0.0
0.0
0.0
0.0
0.0
0.0
0.0
0.0
0.0
0.0
0.0
0.0
0.0
0.0
0.0
0.0
0.0
0.0
0.0
0.0
0.0
0.0
0.0
0.0
0.0
0.0
0.0
0.0
0.0
0.0
0.0
0.0
0.0
0.0
0.0
0.0
0.0
0.0
0.0
0.0
0.0
0.0
0.0
0.0
0.0
0.0
0.0
0.0
0.0
0.0
0.0
0.0
0.0
0.0
0.0
0.0
0.0
0.0
0.0
0.0
0.0
0.0
0.0
0.0
0.0
0.0
0.0
0.0
0.0
0.0
0.0
0.0
0.0
0.0
0.0
0.0
0.0
0.0
0.0
0.0
0.0
0.0
0.0
0.0
0.0
0.0
0.0
0.0
0.0
0.0
0.0
0.0
0.0
0.0
0.0
0.0
0.0
0.0
0.0
0.0
0.0
0.0
0.0
0.0
0.0
0.0
0.0
0.0
0.0
0.0
0.0
0.0
0.0
0.0
0.0
0.0
0.0
0.0
0.0
0.0
0.0
0.0
0.0
0.0
0.0
0.0
0.0
0.0
0.0
0.0
0.0
0.0
0.0
0.0
0.0
0.0
0.0
0.0
0.0
0.0
0.0
0.0
0.0
0.0
0.0
0.0
0.0
0.0
0.0
0.0
0.0
0.0
0.0
0.0
0.0
0.0
0.0
0.0
0.0
0.0
0.0
0.0
0.0
0.0
0.0
0.0
0.0
0.0
0.0
0.0
0.0
0.0
0.0
0.0
0.0
0.0
0.0
0.0
0.0
0.0
0.0
0.0
0.0
0.0
0.0
0.0
0.0
0.0
0.0
0.0
0.0
0.0
0.0
0.0
0.0
0.0
0.0
0.0
0.0
0.0
0.0
0.0
0.0
0.0
0.0
0.0
0.0